%%
alpha = 26.66;
beta = 133.33;
H = 3;

S = H*beta/alpha
%%
C1 = 26.6667;
C2 = 38.1;
beta = 133.3333;
f = 1.5;

K = f*C2^2/(4*beta)
Kf = C2/2